03122466601 03122466602 5.2
03122466603 03122466601 3.5
03122466604 03122466605 12.4
03122466601 03122466606 7.8
03122466602 03122466603 9.1
03122466605 03122466601 2.0
03122466601 03122466604 15.0
03122466606 03122466607 4.7
03122466607 03122466601 6.3
03122466608 03122466609 10.1
03122466601 03122466610 3.9
03122345501 03122466602 4.5  
03122466601 03122345502 8.0  
03122466611 03122466612 6.7
03122466613 03122345503 2.3  
03122466614 03122466615 5.0
03122345504 03122466616 9.4  
03122466617 03122466618 4.2
03122466619 03122345505 7.1  
