9424046 36 70 23 45 56 98
9424070 65 87 85 56 59 89
9424071 50 63 74 34 44 41
9424072 12 58 98 15 100 15
9424073 50 60 70 80 90 45
9424074 59 87 84 21 56 89
9424075 51 52 53 65 48 98
9424076 100 100 100 100 100 98
9424077 95 91 25 92 96 84
9424078 20 50 39 59 29 89
9424079 23 69 49 24 63 64
9424080 19 48 26 35 47 98
9424081 48 100 56 65 85 96
9424082 12 65 23 48 78 98
9424083 66 55 44 33 22 11
9424084 91 45 86 71 83 99
9424085 16 54 98 45 65 32
9424086 78 85 65 15 98 100
9424087 12 56 88 69 53 21
9424088 44 88 96 100 56 48
