3983211373 207.79
6419208303 418.2
2597152694 204.48
1460577696 248.7
8097493507 420.8
2785349208 343.5
4180951291 408.71
1726267729 218.39
3300742424 290.64
3390876567 456.36
4659021247 347.47
3375958664 317.06
1252356746 236.0
2590718782 270.59
8525462094 389.7
9577259100 274.11
8003883453 301.58
6698206880 287.87
1159893718 425.63
8748121311 408.7
3399254676 286.57
2843274949 286.33
3760018011 236.33
9145091577 309.9
1522766713 373.21
7928643779 332.96
6427835461 388.78
5650346805 412.05
8526665796 215.79
6636463290 227.17
5384650084 456.21
9925176071 381.1
2704020538 484.34
4800704837 240.77
1238221448 265.52
6641524625 247.91
9149473480 394.48
7244727325 265.49
3831272546 294.22
4630061798 274.99